Metabolite ID	Mixture fraction	Atom probabilities
2mop_i	1.0	0.99	0.99	0.99	0.99
ac_i	1.0	0.0107	0.0107
ala-L_i	1.0	0.99	0.99	0.99
arg-L_i	1.0	0.99	0.99	0.99	0.99	0.99	0.99
asp-L_i	1.0	0.99	0.99	0.99	0.99
co2_i	1.0	0.0107
glc-D_i	1.0	0.99	0.99	0.99	0.99	0.99	0.99
gln-L_i	1.0	0.99	0.99	0.99	0.99	0.99
glucys_i	1.0	0.0107	0.0107	0.0107	0.0107	0.0107	0.0107	0.0107	0.0107
gly_i	1.0	0.99	0.99
glyc_i	1.0	0.0107	0.0107	0.0107
glycogen_i	1.0	0.0107	0.0107	0.0107	0.0107	0.0107	0.0107
prot_ala_i	1.0	0.0107	0.0107	0.0107
prot_arg_i	1.0	0.0107	0.0107	0.0107	0.0107	0.0107	0.0107
ser-L_i	1.0	0.99	0.99	0.99